220.73920542431114,376.6197195847945
215.36591035158634,368.3890066797161
215.0825284457355,358.5115336851947
216.63229977303027,348.63923285465074
216.91229124426408,338.6458264260096
213.42699901521206,329.4713415674876
204.6188963862116,330.4774949649732
194.64768841966932,331.0691969578377
184.65158117954718,331.2088471677601
174.63947406138607,331.0829672343251
164.65019387279997,330.7073301945726
154.6868219190171,329.9854380232073
144.86320983406065,328.18499945220947
135.08014253209114,326.28767531019207
125.89759318419934,322.61754795241353
116.76863029239652,318.7943461273527
108.46641756231904,313.96731279335916
100.90052654153658,307.649315855853
96.06389966332863,298.9036923385563
91.61369343606276,289.95459378645154
87.22045165204868,280.9780968565955
84.92804313052177,271.3126611065648
82.16089546115984,261.71012724736374
81.21867358003692,251.76146464131338
80.90896102381339,241.76926280075347
80.97222943157956,231.77818948419883
81.39951534630718,221.78361511482808
82.38400233485547,211.82658083048625
84.69268422210311,202.1148644625854
78.80132454659663,195.4610327222519
68.96277328515623,193.84593015624992
58.96772199445369,193.42127069316973
48.966981830235575,193.35902875959223
39.18634591786622,191.7489092631125
35.84233319005063,182.92384260973748
39.634308840135574,174.05733340475078
45.361960885624754,166.1358480860042
53.06895001598341,159.7652171888324
61.75147427147056,154.87351271833796
71.42685834499923,152.51867275128075
81.39979626478775,153.07083511209174
91.10834714539965,155.41893292203747
100.56219364967343,158.3633427065658
104.91987509693622,149.36356269150247
109.94203575563868,141.0644822145667
115.54212088246432,132.7668578040162
121.80781208989619,125.00266823763359
128.23489341067702,117.39911291683421
135.25841019808178,110.29497366915305
142.49584784442445,103.38399108295354
149.99277669335186,96.78483819550594
152.0016132251714,90.14535018061024
143.08354452406167,85.623341000974
133.69569866033848,82.28125621696836
124.74956083549823,77.83323815661856
116.38139770852169,72.36138390713788
111.37641781431272,63.868235086480624
112.25543745053704,54.122636168456324
119.50630073655488,47.39590269751242
128.4675483066953,42.981014922424336
137.97977804936446,39.953751869077585
147.79370139038835,38.05675444381118
157.76252299425894,37.31300288428206
167.73272115174785,37.994765390370276
177.53703185715938,39.907817132921686
187.19065680311195,42.54220135257883
195.8222200974932,46.81876458814779
204.30539288318116,52.103199281835245
212.35864246847402,58.02917532764287
220.15293849944538,64.28423669397765
227.62795238763243,70.91943781819859
236.90993753872394,74.284471387916
246.41172560192433,77.28478748460984
255.39608485218153,81.66851443991878
261.7815855939233,89.08193415949522
266.8553647393899,97.6843397695481
273.3278241926479,100.83312956988804
277.4169340356826,92.20098177954094
281.40126039568383,83.25684937297027
285.3215263050412,74.20628544796601
290.2566924999999,65.6339642499999
296.879777985176,58.1565733095641
304.6073474522399,51.81038970838158
312.778382025771,46.38591330096999
321.0091065269828,40.908895622091215
330.3824200877067,37.461351570730855
340.1033245624136,35.148110674254454
350.0604613115188,34.229547718501735
360.0634319352452,34.254299265262524
369.9217442122419,35.7250915292852
377.95357580688596,41.31917770940927
381.13839291858596,50.71984246985929
381.81271294173393,60.69894139574519
381.6530694248712,70.6807821717815
380.1005420724868,80.53720079559291
376.20439812154234,89.7279933223582
371.41918441544453,98.51090487089928
366.0246423646126,106.93583547122397
359.7816700942611,114.73177898011366
352.4739988010692,121.00964274946205
344.4972654794443,127.02137814742527
335.71671048477475,131.43903268114974
326.237482462731,134.60736480407303
316.8504279999779,138.05380381716722
311.7979691413605,143.34455430009044
320.14812929030154,148.80630866842114
328.80408573523505,153.77649468668932
334.77731817639324,161.72450526162348
338.12363170108773,171.10741238815302
341.32829672192656,180.3701008979565
343.603301522513,189.97739244948065
349.9526044674836,197.64478514827215
357.2707557377067,204.46791628672682
364.4479857771951,211.4208308431699
370.91488694221476,219.03938685241687
376.6352294503653,227.23040339824547
380.3438810400725,236.49879535171843
383.16146230089873,246.07572577561967
384.75045227425113,255.9511690234791
385.085427985885,265.94602133711294
383.25632485206586,275.7248649344634
380.6330060409487,285.33264546460276
376.26980803448583,294.31520410848265
370.70641455943803,302.6138577007505
362.34307142353043,307.18241340187063
352.41883851636504,306.26202757410425
343.77139950563287,301.3808412221669
338.0188104504298,293.3873354931401
333.55220602117885,284.43622599202575
329.12948648470746,275.47869524746983
324.3624925745089,266.68370189670395
317.17060468398176,265.7019229788449
310.24839790964154,272.9170877684949
303.604443562127,280.38898606559854
296.4871470387647,287.40626298943675
288.43246850048195,293.31794744471404
280.5400854174121,299.4516504272577
271.9901978907212,304.6350282495876
263.14526006469396,309.2770218599699
257.68255408394987,316.58782935652346
259.5634433956656,326.41309846284264
261.00537123349443,336.2996609660635
261.16752031669864,346.28245151937944
259.2275404574204,356.0621752186682
253.77732109327033,364.3968756895732
246.29133023983002,370.7276356672668
238.14380124999997,375.91907749999996
228.51678550964772,378.56876992526406
238.21893429173,367.1422037079045
246.1691839772124,361.10093092988365
252.67208531555178,353.55042561859136
254.38967917891242,343.7665959822178
253.98688055939735,333.77910973061205
252.0944495518245,323.979091896264
245.73773678466267,318.8061745907638
236.24609873742048,321.98525373359803
226.90525338863824,325.52624285697823
221.95310407258364,332.36858678803935
221.57954243238225,342.37333519906673
221.5709407357038,352.36039484490584
221.91443762982823,362.36253318983916
225.76376289268015,370.4468847337943
235.43859517578124,368.5683933471679
210.55984869201595,322.35346611542934
220.25138245277634,319.8807319158402
229.79066243714996,316.92853785441037
239.1944369846609,313.5140747160348
248.40379965437018,309.6299019615827
257.37548903730215,305.1943582493816
265.9374325105538,300.0442720708199
274.34728810180667,294.70484248901363
281.9764103205843,288.89022050677295
289.7981227928241,282.6628489629152
297.2866170598371,276.0101985996838
304.0978819523762,268.70061719796456
310.6637073060989,261.16255721961977
317.26472515289305,253.659596506958
322.3027365656662,245.23266950626373
327.0842481756605,236.4896635573349
330.8734216643161,227.22337572318074
333.7111249132681,217.67495852391718
335.54876777431684,207.84110697138684
336.4471764750225,197.88476649347902
335.735952455723,187.93203315915616
333.5389323738224,178.18436230093357
330.9050327533567,169.03145239866194
326.6422968075351,160.08093474301623
318.5451499992214,154.28429118279166
310.0520990499766,149.025765527387
302.1281814092633,142.92494101758146
294.27910404006957,136.7189700991392
286.60127191598593,130.3216549331821
279.43782381671997,123.3599035877883
272.64986863921473,116.0145347532582
266.5395228344401,108.10371863651942
260.96435881687074,99.8203796900876
256.034867933963,91.125386981171
248.5757497158813,84.64177580966185
239.26968357552195,80.97408487164097
229.50753227521693,78.89299136733207
219.5517278848266,78.01657882427976
209.53817031586271,77.94614047290924
199.57707982289645,78.67716554679379
189.77590913396372,80.59725850116081
180.46779606788226,84.26233990825052
171.52760374049842,88.72408461369452
163.20012112197873,94.21969733757777
155.0204038733458,99.73476527172015
147.21901732253727,105.92556216882244
140.07224964305402,112.93758200907003
133.12398277343746,120.11137679687496
126.41546177514445,127.53180501665977
120.16410919279274,134.93841132502456
113.95628897006985,142.74394935250282
109.40596519842919,151.3778444205751
104.71110578070935,160.21365582711604
100.94520269839944,169.17471408678048
96.94923261283475,178.33256717298983
93.45527680431863,187.69389925981935
90.4623083867341,197.2423309373712
88.69095312345375,207.05722755628878
86.2758656003567,216.71862798810565
85.53939035797293,226.6946807492703
85.39775702786622,236.6875871784692
85.72338742703737,246.68641103880339
86.76210904246719,256.62983973044635
88.96077361217317,266.38236619264956
91.45930728218559,276.0214041666806
95.19698743718638,285.2864492255154
99.14485995585359,294.48211508657505
103.88194106201169,303.2549805859374
111.01025255876692,310.1745585256683
119.53420293863293,314.6625759267788
128.776712681423,318.1723638084951
138.3553187480243,321.0315733820821
148.061916248874,323.44651171636707
157.90356259237763,325.2166103050469
167.86221773482902,325.96381786781916
177.86070806629624,326.0777874206201
187.86173931552503,325.6633497220138
197.79771565342,324.68480038726335
154.48350494549982,310.9948535143695
144.56658905569554,309.91114235450266
135.24049786847593,306.3922484379148
126.42541072381613,301.6872825094997
118.04925104345384,296.23399878340126
112.28887525866094,288.22251692819776
107.82521286463935,279.2860206496227
104.41556715535701,269.9002240949359
101.73039701036527,260.26964088629006
99.83293583941366,250.4453744676876
97.51344490797564,240.88905301831363
97.40146848770257,230.89087330823094
99.13104051313779,221.28579886032998
100.42848982441426,211.3861476577425
101.72596702073889,201.47682440045773
104.15073878453236,191.78324005898023
107.72502732426466,182.45018536035357
112.14859912542381,173.47037139225594
116.03885271560408,164.26601445448878
120.14601859257573,155.15521853362998
124.98618177482489,146.3957728468406
131.20896210104348,138.61116283476755
138.07061204135613,131.34979304841
145.68115100558103,124.94252322648076
152.0570951898959,117.35040470086741
159.84990825530986,111.10323419495276
168.4291359533095,106.19353284450055
177.2119960193658,101.43130281962755
186.26194954343606,97.172588465871
195.8496670251302,94.71763552110585
205.85027199176358,94.37934914067975
215.85107154785155,94.21450238134763
225.85164769713657,94.2611736919794
235.63512765616775,95.99655504615913
244.47790766160549,100.62912535379968
251.0931283652115,106.75082395854949
255.8381250996799,115.37959614836635
261.9435584073291,123.29138410975565
268.46397032523294,130.8651876708965
274.9733935892707,138.4296519563092
282.6801141772142,144.79909669657013
290.76859468925954,150.48546669130326
298.37001896684944,156.9654819134091
306.2972143003082,162.58505782905578
312.8978032138436,169.52532338015885
316.98745781108045,178.6432187776236
319.8491113853073,188.19860329696655
321.2079409405062,198.1021937021545
320.7503888595581,208.08233380249024
318.4778264825826,217.79993922921548
316.31546154485466,227.56594733743728
312.4622024073488,236.3405322035237
307.30803129079186,244.89086925700985
301.22844233200846,252.84499174880222
294.5870316375292,260.3025988571207
287.8910087459564,267.7255214436674
281.26110836550714,275.22284120238305
273.7753651371133,281.84544666790845
265.77513130607497,287.8236809470053
257.23629712364743,293.02544771704805
247.8209759640322,296.2343230841779
239.35855615886348,301.4612019334752
230.22767953731477,305.5075481528115
220.73397981900214,308.5310167627716
211.05210397212878,310.67584159236736
201.2580396234989,312.5455485308504
191.52795587919547,313.6610391232823
181.8553506607029,314.3727974999633
171.84985259813436,314.4147912060633
161.93701287255288,313.2324745521593
182.26028134760855,301.07183086124894
175.78545240385174,297.2078699102914
165.9148287358166,298.63903634707606
157.33333000000002,300.07947907344794
160.42949808891296,308.21957520833007
169.54908017536243,310.61018335043883
179.55464105269908,310.59700699813357
208.163587465871,307.40278735111406
217.91113847584248,305.15094700446605
227.46895405254057,302.25420731953494
236.73906514324858,298.5011772172553
235.89167838695525,291.7185996614217
229.3695347592783,284.18932303931706
224.07492520685793,276.23654732335376
217.47057178653716,269.09743973861686
207.50025601498584,269.67158423620145
197.52910388465403,270.37821892558327
189.33333,272.72913448857804
188.0076779669094,282.59009362150425
185.39823536190943,292.19377914926827
187.0910780430448,301.9321807559792
193.78267856491615,308.9825334007289
203.70707229407225,308.1609830044647
149.24846084302067,295.31311564368247
140.59926065957066,290.66807096691133
132.7136513833778,284.66039407111225
125.87889618452621,277.38528307969545
120.48085264994081,269.0502000015461
116.01354160874551,260.4535522566896
106.71195078937052,259.03162462687493
107.68876783889661,268.1900009746943
111.44106288234198,277.45174218787685
115.9952369644094,286.35488138466616
122.30153794809166,294.05938564453567
130.74975639119253,299.37007778599855
139.68227518872186,303.85837617326456
149.2392774265915,306.61606638237237
179.32005245259523,291.3083070075148
183.62367861858365,282.54735446861264
185.17535373350134,272.9802288860742
178.5401381730441,266.7993017303638
170.23137803466852,261.2178137078636
162.27545981960833,255.16410184863392
154.8836236789709,248.45509549367597
149.0851319454956,240.37085565185538
143.7431176205444,231.93197761383053
135.25914821575714,229.18956687921496
125.5134759804791,231.3851246994233
119.85638913179871,238.56846273654452
117.397433234646,248.20685360992834
119.22348563183101,257.97663263129044
123.5089691334321,267.00787313675374
129.00152496987016,275.3543864203584
135.99881599430938,282.47158196811523
144.55971433166502,287.60835295745846
153.46639444466211,291.7366676488145
163.36232021253065,293.1347596543163
173.3498605058459,293.0469944829256
265.1700896586151,283.29932047589585
272.8181278351973,276.87438629676166
280.14543076059715,270.0735062125689
286.4550089763546,262.55320282214643
285.7150559056573,253.4085017158938
281.31766551826206,244.42210479953127
275.98194054066704,235.98335125640477
269.3973146103603,228.50518799988023
260.21525545566254,228.3156890436816
251.1864724221829,232.45522552343044
241.43855068863465,234.6522346048631
231.5510593646399,236.11396506645963
228.9850920846843,244.17051224115846
226.23985402368896,253.77788563671413
222.07575561707125,262.8610299396573
225.36830895885458,271.54613543754573
231.38219264562895,279.48280224294365
237.8697172465743,287.0944861791355
246.81698251954546,290.870926078
256.3980770500925,288.2413396272873
216.78728401600668,261.6662957505952
221.63531890833912,252.97341354343592
224.55406694144273,243.42036039045516
223.9970589356796,234.30920946418294
215.69473656551824,228.74785431885576
207.90480912665183,222.49024739953404
200.24519459338964,216.15001330259318
193.46274887047093,208.81871702607052
187.1272445719618,201.08779794653918
180.68267924417137,193.47401628308174
171.1416063493526,191.37652933293936
161.20311814479683,192.41121667190004
151.32881401696403,193.97641782617436
145.39149928870404,201.092547738215
144.17219640305484,210.98456206772997
144.82885901387107,220.95853330573627
147.3271776969862,230.61815606575965
152.704013755188,238.78646713813782
158.66562954231443,246.61569573212026
165.98654516980793,253.43997022994324
173.7013273247348,259.21949631471966
182.3943134249133,264.1715058981574
192.0502685907708,266.3779096442722
202.04503485425786,266.43744019006334
211.89915016617562,264.8871536538456
302.3622438507652,245.69422203575442
307.703985299136,237.24469821726035
312.13812469290815,228.2912738132228
314.4367448626953,218.60598051657496
314.86318213144705,209.06124413009763
309.42577495008794,200.71924442269722
302.60738061025967,193.40820158435068
294.26885323353804,188.47738986112995
284.4787483171995,190.4635190014033
274.6525454889023,192.31120135633526
269.56482787182733,198.73230096868016
269.132265390625,208.7292223046875
268.8206004178122,218.7175591827832
273.0730546203614,227.02647939697266
279.7621705309018,234.465780508133
285.7507397768828,242.4525116789861
289.73624060664184,251.57157638772009
296.0823519608551,253.25813338092058
115.61035979362485,239.75559323482508
114.18416144336051,230.9423481802487
105.84915970421433,225.97089906584736
101.36630867649262,228.79979029755998
101.37539844184808,238.80946849513776
102.4340276315157,248.73361434661234
109.33966782704353,254.66584888437268
252.60633391422311,226.90798874798082
261.6588978604984,222.70919527878755
264.9809038474559,213.57491114733898
265.608825866441,203.59642279414498
265.162035208568,193.61340569251638
261.28436781581877,185.12071978148748
254.69743997772215,177.6172611672162
247.73334394570372,170.45900132208288
240.62248575273438,163.4156033477067
233.35231206243415,156.55720367764042
224.82649532944612,151.600832891261
214.9125214817937,150.3257433593289
204.92525427614,150.3630010009895
194.9781555209339,151.27072458920088
189.65622255843675,159.1319992439491
187.1624945425295,168.82487893412804
185.60528833053172,178.69926235474696
185.49189727939427,188.67759852269765
189.32902516339482,197.74565174743634
195.7893133571506,205.36262141321095
202.83589170598972,212.45886743099314
210.18429410861108,219.2492614899241
217.9601780338793,225.52817642983064
226.58857294707778,230.40486007238857
236.4091032428763,231.41078631138845
246.12577126176788,229.141467385612
132.70375356506884,225.9889284424495
139.66088262533188,220.27575276905054
140.58271610123194,210.32574496584604
141.74995500870608,200.38942796828428
139.84490391472815,191.7274648830175
131.59615064851172,186.0948320539397
123.6534738872194,180.0216313249677
116.37632685150146,173.15895015068054
111.82425361206374,181.72120924633708
108.52724849458775,191.12988494354
105.344556307953,200.59034747627294
103.82695333066223,210.47598343151094
104.23744915832518,219.13650348243715
111.9168457886648,225.53088029272078
121.15100827352522,228.3784772477102
317.19317579762554,192.94076277359545
315.28377773617825,183.13969470940899
311.5735387977082,173.88363517942898
306.51840779460133,166.17850499779334
298.0661997030163,161.68450930763237
297.3436958376313,171.65435956359858
297.06768376460127,181.64647484292425
302.3742652346325,188.64313635521407
309.65719142131906,195.47577185855027
316.33168334074554,202.26201355727846
161.22257197836905,188.6254746225779
171.140718513367,187.43611962721647
180.55135604041158,185.9667436781853
181.946502270094,176.08352770189794
183.6622857120831,166.22927960780416
186.66724720585276,156.70118004343107
186.80611645191905,147.51697660443597
179.37650962972563,140.80909100803436
171.37567806904835,134.85327435855152
162.56275331846726,130.12252274907848
153.1296878445106,126.89771611724
144.27397085828304,130.41264460197445
137.44178815096856,136.70191744750917
131.1248319007206,144.45220324743767
125.59976908935548,152.78933529132837
121.11393019691535,161.72038339895005
120.27420443057737,170.73645799321847
127.15739191737251,177.9775106903965
134.92289723517288,184.25142964258862
143.43812411130426,189.47231607864342
153.2007823828125,189.99782902343742
292.2311713595312,179.87666622383747
293.1213625109719,169.9225795384046
293.5990408284366,159.93167025438066
287.3860674456024,152.74379919189448
279.4231737950176,146.7327029052704
271.8787192384592,140.27189961268496
265.3384720572751,132.76261154183683
258.8790294639301,125.16570510840053
250.0944478126113,120.69672274299114
240.12507906030578,120.66323321115493
230.46810027534485,122.83863669128414
226.96673777389577,132.08215068100938
225.2555201143253,141.9232542289292
230.6909031207222,149.36950504976087
238.07054512405622,156.100793080783
245.3115916185938,163.00647488143744
252.44125188598122,170.0150994271392
259.47824077148437,177.12956871582026
266.3039737670344,184.41398498896274
275.28300028148016,187.32060792484486
285.22247120239257,186.33931293365475
223.18713937366977,132.66759621481802
224.72684327752896,122.79569591718685
221.9777587848472,114.30162312645427
215.7970325606488,106.54265437366978
208.17186779901976,100.17059525275175
199.03671144327987,97.64739525938838
189.25142164397286,99.71147915485142
180.25565016601556,103.50952579833977
171.50391657482652,108.32463147290669
162.89226202207038,113.36559057544059
154.9028060323179,119.37233352133221
159.14014576761957,125.43199932089799
167.8346356997585,129.8027444135284
176.52196299892802,134.5993050287164
184.4077113575363,140.73039144626608
191.7755960008907,147.32146242782585
201.76571788023514,147.04205816746463
211.76710958752412,146.76234259252965
220.93813826144543,145.53844116771404
250.4818364702117,113.60874391972774
245.15886461606976,105.41189477363103
236.53816117669646,100.47598723735267
226.84974211927636,98.03467298816963
216.98135270240124,96.35912977017941
213.63298081150134,99.67111619791005
220.61317718386806,106.82730738883976
226.5147379170316,114.75725754780943
235.87888142064855,117.04398147270037
245.8805798701923,116.85991319792608
366.45682883290954,295.9161902424076
371.9576280168661,287.5918142784203
375.12910446261105,278.16448740020445
377.35095318359373,268.49264964843746
377.65505229374133,258.501825313191
377.467821876207,248.5046434747749
374.9606680090937,238.87700409866423
370.6326377278054,229.86935287964474
365.37485097782957,221.3799954306499
359.0133250487619,213.77235428902435
351.46450512796594,207.20984602096115
344.16427340209486,203.8307819312066
351.47229076492494,210.50925152163626
358.6763574149867,217.4278038413159
363.97724400429604,225.17733429061104
356.9621646875973,221.36412956136863
349.45330000000007,214.7743325
341.7606698130226,213.28284695709704
339.81214628586,223.08911432514952
337.0400259436608,232.68745356941866
332.9713990234376,241.75161984375
328.25687765427153,250.49853248657726
328.20600235887196,259.37905483541437
332.96807432252757,268.16982015978783
337.4542300725341,277.10710195201386
342.11619088171113,285.9645847497656
347.69703221538003,294.21993357217565
355.9791486728478,299.58574156822675
364.49224275879146,298.03410699834683
93.1203508461075,176.19537484889983
96.49385499421145,166.9362665934576
89.81164834580726,161.7280704422763
80.03644457078875,159.59510983755817
70.06834104248937,159.4361102323062
60.634022438888664,162.5454122436084
52.67604866763551,168.55068974508146
45.85458004542161,175.85205768514632
41.4347534448923,184.50466663102748
49.87976111352229,187.48618544528975
59.85938966968267,187.16414872016878
69.83407384198514,187.7771783104804
79.56099664385033,190.10290960363864
88.2889603702794,187.96770809319327
318.72754716431734,131.31913578133225
328.1738795606716,128.24648155375615
337.30244574506764,124.51563803151132
345.30254410832316,118.78400158548801
352.7319994141517,112.11535325016148
359.58509068515866,104.83196628015733
365.3212087304688,97.08589055132245
369.407608161183,88.2972668945748
372.1470172078324,79.65802971198273
365.7627588693875,81.86240971543104
368.05721253218695,72.34714039731669
375.230236551857,65.97056431249761
375.55207108151666,56.097396844601505
372.60764419189445,46.63898719116211
364.36008905976144,41.75714315476058
354.50466393240447,40.12191714816808
344.9521765479731,41.80956949272996
337.05270892209313,47.782234027824046
327.99547288185113,49.69262252607345
323.3314684651792,46.85445868026031
314.58170265799527,51.632322074358946
307.0018512117076,57.40104209169258
299.54806221577047,64.08475951642106
292.7952915280522,71.43603249966728
288.2067825951034,79.9944671823131
284.94510884429934,89.4329125780945
280.4699514737563,98.32094317579559
276.73666082790686,107.58504043553783
280.55973187500007,104.703620359375
286.052974431046,96.36039070863947
290.78359413027675,87.53894870188351
295.7071957835007,78.87964475357103
301.9610964640539,71.48930838768426
306.5003179788977,69.61998630072354
300.602163964966,77.68748948656112
295.4095104863728,86.22544265495824
290.76004959247035,95.0827385253132
285.99511017734676,103.87267329919548
280.12444175493874,111.76679946567258
284.3329413489747,120.04805638309895
291.42446260750046,127.09161817902199
298.59299659241333,133.2787670033164
307.1633379069287,128.32677368243336
315.40288245891634,122.97596764563579
324.21908954317576,118.29823028765614
333.4612708905692,114.57341975280832
341.91418063153395,109.23270750985152
350.0303606403208,106.35324670156474
342.5118953537422,112.89020087317567
334.5142538754739,118.72160332089352
325.3641716173854,122.7607645676403
316.45670186658845,127.26398727027646
308.0337648689566,132.61959601033087
307.7551445417265,136.44441272768321
174.44632067637622,81.42013330101459
183.7772808643031,77.92295044481386
193.02062512797175,74.64010635511
202.63531126880287,72.05392066848339
201.76221018369134,65.74922581986756
196.38535889194011,58.726669948424345
205.03421141338004,63.391684871164976
212.58719731018067,69.91068991170121
214.64604231753677,66.91605298374206
206.7522186654483,60.78912665918398
198.21950386027947,55.593133950697585
189.28718346332002,51.08824726522154
179.98687415821288,47.433582732769615
170.3129494058645,44.96943162408653
160.35451010097484,44.00224229304605
150.39011219226217,44.615230779578305
140.5672329927661,46.45965325170659
131.00697436614323,49.37051416761805
122.1764947839321,53.99826489830361
117.38913960376739,62.24180006110002
122.64074907097279,70.43465586392901
131.1870343330272,75.32464635542108
140.52871833845563,78.89840817029807
149.917317559649,82.3474159016773
158.5538855340156,87.26740537864848
167.7424708993846,84.68630831781957
